[-44.42335107892962, -18.03122145715635, 14.196792028837267]
[1.3605699922020225, -22.42404741304663, -44.669476720268]
[27.184470460555524, -28.847574481838645, 30.476814473079514]
[-8.646482495446433, 17.22834435768395, -46.13595119178196]
[32.14794866603047, -35.90742385716797, -13.313643899243171]
[20.054675262149473, -42.23430941712871, 17.728029685739255]
[3.622589552931105, 49.70349125638709, -4.076216609768468]
[20.15870653342587, -29.32448355928012, -35.12543924440228]
[15.132490918309502, 9.359979261946574, 46.72703527106306]
[18.064068600825426, -46.398525692907434, -4.573041687470359]
[2.8731004185823865, -6.6274328159162925, 49.476153792152985]
[1.4067496250352498, -22.453037871315725, -44.65365414569014]
[-8.749590292290561, 37.44003272135756, -31.966247934805832]
[22.900426870541537, 3.617048948805922, 44.301191659548536]
[-8.542556292414954, 17.196961458035528, -46.168299030953264]
[-12.744814465830368, 45.17417265042845, -17.231514873097353]
[0.9208615683994104, -4.082902529457779, 49.82541915427033]
[-48.18076213369335, -7.378146882456178, 11.1450204119052]
[15.054837149318784, 9.365222215490002, 46.75248031597879]
[-4.712100156263158, 40.16508729485293, -29.403547586819354]
[16.413160210066682, -44.876887270583076, 14.727484602197908]
[21.212502515432334, -26.06527424991749, 37.02237796383595]
[21.23014948776883, -26.10389158868675, 36.98644055403475]
[1.3545417387329837, -22.469403502160638, -44.64668453390556]
[11.85662523255716, -12.163945673302697, 47.02649111006712]
[-11.986163455257355, 47.528742232872716, 9.869834349831223]
[18.235431209244698, 41.03250687581693, 21.9994924600947]
[3.506092598976765, 29.494386306607602, -40.222569527641376]
[10.488032956122746, -37.832953065089455, -30.96408339125897]
[14.792072632709349, 1.6607961800319073, -47.733859893176785]
[-6.88226317826346, 42.74938786746713, -25.005242867585952]
[-5.835067709796838, 17.880576348677582, 46.32785012930637]
